MAE : 2.223379937570093
MSE : 10.21394496155107
RMSE: 3.1959263072779183
